999
861 71
743
877
861 12
723
532
228
663
861 471
861 711
861 2
499
360
861 119
861 327
861 227
251
467
334
861 478
722
166
861 195
430
861 960
504
754
926
854
732
861 805
861 161
861 619
559
694
179
861 603
861 350
861 455
429
861 566
861 825
830
648
861 788
861 64
861 612
314
861 797
861 774
861 871
626
861 846
861 990
893
861 744
812
955
565
192
502
623
110
861 949
861 816
729
861 571
844
861 231
861 385
861 932
861 999
978
861 564
861 128
488
83
861 513
690
861 911
861 426
861 665
222
861 615
867
886
406
301
836
861 443
861 256
546
486
861 157
516
861 144
450
861 143
861 548
194
948
5
861 246
861 716
861 705
861 30
861 595
861 168
802
861 828
861 413
861 553
98
861 330
861 46
861 249
127
861 408
861 253
219
861 953
333
861 469
462
861 543
35
741
861 44
136
3
861 490
852
861 673
861 26
889
446
924
861 95
861 474
966
650
315
89
861 288
861 395
861 689
861 116
201
861 840
592
861 573
771
23
790
861 853
861 280
245
861 410
861 476
148
861 289
861 375
848
174
121
861 681
92
861 657
785
861 578
861 215
606
861 91
861 20
861 273
725
874
519
861 424
861 720
787
550
861 617
861 382
530
861 957
500
109
520
861 941
621
861 31
861 703
861 88
302
861 55
348
472
861 668
260
861 697
861 366
718
861 399
861 698
861 434
551
678
747
861 583
588
861 200
861 834
75
278
505
299
435
861 631
861 102
594
861 438
861 422
240
895
861 345
861 817
268
861 934
677
861 165
420
575
861 376
861 783
576
861 96
433
13
555
861 126
861 290
861 740
313
819
861 452
861 93
627
358
861 372
861 285
287
861 58
861 991
312
63
320
861 338
861 751
855
216
861 609
861 795
861 65
861 581
861 580
11
861 517
597
861 146
298
45
693
21
861 608
584
655
861 632
861 752
861 996
933
861 250
861 894
861 501
142
149
724
861 318
861 525
861 124
861 982
861 620
861 8
509
189
861 527
861 884
861 927
649
404
861 666
734
842
861 558
987
554
708
514
861 130
380
255
861 582
861 79
861 535
217
861 753
861 147
861 99
861 339
936
861 481
861 18
861 995
861 415
860
187
888
861 636
24
457
328
688
203
861 572
861 454
861 891
861 6
861 837
799
861 946
861 67
736
672
483
861 234
730
733
861 198
935
861 175
861 684
629
768
861 409
861 847
861 482
861 685
412
436
757
913
861 915
861 236
861 263
861 883
779
963
411
861 0
719
861 968
416
748
861 190
861 511
861 365
861 324
865
861 562
786
706
861 965
861 335
281
861 306
209
342
712
241
861 721
861 765
861 695
570
497
861 343
997
861 53
70
861 432
861 188
861 670
378
861 137
247
861 353
994
950
861 118
861 534
19
951
549
654
613
389
349
41
861 717
861 659
861 470
861 737
282
861 675
861 156
329
861 114
845
972
861 51
232
861 155
861 153
196
861 872
804
213
861 937
975
14
861 252
861 61
861 82
861 206
567
861 993
364
541
887
691
861 458
861 643
861 789
861 714
140
861 674
861 909
839
861 873
861 169
90
861 856
878
25
861 262
739
233
921
861 945
861 769
861 862
861 814
468
861 117
809
560
351
861 160
357
861 910
861 929
78
508
728
942
976
254
319
861 383
861 701
861 710
861 524
815
861 355
491
292
792
561
746
87
164
861 158
861 291
861 686
305
861 150
861 344
861 494
861 634
861 637
861 129
309
861 401
861 226
325
861 796
272
73
644
829
861 547
258
692
861 414
906
473
861 85
861 495
998
849
60
861 36
679
861 770
275
922
861 984
861 916
861 943
861 52
905
861 903
181
777
861 37
861 484
861 625
861 552
861 801
707
861 123
861 47
861 528
539
861 304
861 492
332
954
861 32
387
536
861 204
861 979
370
354
861 68
861 307
667
861 599
177
861 587
267
861 428
208
507
861 618
756
42
485
861 242
212
861 940
861 163
397
986
861 537
311
861 66
125
899
111
861 386
239
861 577
880
7
861 76
861 244
4
614
367
17
861 418
861 806
308
861 590
557
38
861 183
861 521
316
861 735
861 947
861 57
776
861 568
533
861 545
870
861 15
861 902
861 180
381
393
861 466
861 980
861 398
286
640
861 151
803
50
864
300
861 475
652
869
340
859
861 402
861 522
861 437
656
939
861 653
210
423
861 368
861 185
861 868
861 662
861 133
861 904
784
265
154
861 841
962
823
460
861 394
425
170
861 363
861 607
641
821
861 628
646
861 660
34
861 589
861 835
861 700
261
969
861 750
283
861 115
593
861 27
861 223
303
861 876
861 758
861 726
120
611
225
861 218
235
861 238
861 624
861 683
861 449
861 243
9
861 956
861 879
702
159
861 919
861 920
861 257
861 182
374
145
48
938
861 331
277
284
861 405
861 885
391
687
861 86
479
861 138
970
296
682
861 882
861 97
202
861 813
761
229
861 105
861 958
197
77
983
211
352
861 798
861 760
671
861 661
861 336
141
122
647
861 715
639
861 461
861 373
861 419
540
861 503
896
861 630
908
791
861 173
861 818
907
463
515
39
22
861 214
861 392
861 973
861 981
861 600
861 359
861 977
658
326
167
362
861 447
742
989
205
861 563
556
923
453
861 221
861 781
861 985
861 337
861 407
861 371
964
780
704
861 773
861 94
861 297
861 967
861 108
861 270
775
441
442
861 266
451
680
531
778
861 518
178
861 427
861 264
616
431
456
890
843
755
811
861 898
669
861 510
861 321
294
396
861 833
861 800
850
28
139
831
861 523
861 162
861 384
861 269
176
861 101
861 832
861 134
861 824
861 763
875
861 512
861 496
861 49
861 72
861 585
861 341
81
369
861 901
861 388
186
276
861 199
103
106
861 664
861 952
861 866
440
645
861 295
861 10
861 586
767
62
184
861 390
638
861 794
745
379
900
863
861 542
861 271
861 622
917
591
861 403
861 544
526
861 892
861 709
861 961
861 80
361
861 459
569
861 69
642
421
596
113
861 84
861 598
439
448
1
861 988
861 676
861 465
861 40
861 172
738
861 259
400
602
861 445
861 131
347
279
959
861 918
861 930
861 974
230
861 928
861 444
861 808
480
604
713
861 635
132
610
861 633
861 858
861 464
861 248
971
931
861 171
861 417
861 601
861 498
861 793
861 881
377
346
851
861 152
861 224
861 857
356
861 207
861 759
861 529
489
861 651
506
861 782
820
826
16
29
822
605
861 762
193
861 810
861 731
56
772
112
861 191
861 838
944
33
914
861 912
861 59
107
861 310
317
861 237
43
861 696
861 897
861 322
861 699
574
861 579
827
100
764
135
925
274
220
807
861 54
293
538
992
861 487
861 749
477
861 104
74
766
323
727
493
